128
165 40 2
161 33 2
199 31 3
201 84 4
214 105 4
190 108 4
189 126 4
196 126 4
207 107 3
190 101 3
172 122 4
170 144 5
140 147 3
167 185 4
182 210 5
201 141 3
173 433 4
145 430 3
175 339 4
185 340 4
197 342 4
201 355 3
219 357 4
197 398 3
190 401 3
193 465 2
192 470 2
192 478 2
200 478 2
209 477 2
209 473 2
210 469 2
222 454 3
171 609 4
189 627 4
234 760 3
332 776 3
361 798 2
412 643 3
341 393 3
341 379 4
342 371 4
343 364 4
343 350 3
345 335 4
345 320 4
378 296 5
397 299 4
435 301 4
339 400 3
450 303 3
443 335 4
427 339 2
322 490 3
325 496 4
322 505 4
323 513 4
321 535 5
320 544 4
320 557 3
328 607 3
328 614 4
327 621 4
327 628 4
326 636 4
325 643 3
325 650 3
326 657 3
312 662 4
313 651 2
324 664 2
327 696 4
310 694 4
279 692 4
272 691 4
265 691 5
255 718 4
262 718 4
270 719 4
277 719 4
297 720 4
304 721 4
311 721 4
326 723 4
324 739 5
315 738 5
297 738 5
272 735 5
263 734 4
255 734 4
260 674 4
267 674 4
276 675 4
305 678 2
309 678 2
319 679 2
323 679 2
268 659 2
249 672 2
265 651 2
261 649 2
259 646 2
259 638 2
271 631 2
267 619 2
260 614 2
261 605 2
263 602 2
268 598 2
276 600 2
280 601 2
262 560 2
262 552 2
265 519 2
266 515 2
266 511 2
266 506 3
279 541 2
277 545 2
277 557 2
278 561 2
287 794 2
292 794 2
296 795 2
299 798 2
294 815 2
295 806 2
296 784 2
