138
175 79 3
201 85 3
207 84 3
225 85 3
213 106 3
164 40 2
178 50 2
195 127 3
140 148 3
166 196 5
147 273 3
146 294 4
156 285 3
108 480 3
143 331 4
167 442 4
218 338 5
219 351 3
219 357 3
218 365 3
216 383 3
196 343 3
186 341 4
154 380 3
197 398 3
193 460 3
199 470 3
170 609 4
164 625 4
164 632 4
186 604 4
186 612 4
188 627 4
188 634 3
239 673 3
339 401 4
339 393 4
341 380 4
343 364 4
343 358 4
377 296 4
389 296 3
396 299 3
403 300 3
411 300 2
442 303 4
441 328 2
321 506 4
321 513 3
320 535 5
330 529 3
315 576 4
344 612 4
327 622 4
325 636 4
325 644 5
332 656 4
342 644 4
310 662 4
324 665 2
328 601 3
304 678 2
318 679 2
323 679 2
327 680 3
331 680 2
275 676 4
266 675 4
259 674 3
229 748 3
243 729 2
385 493 4
281 516 4
273 531 3
269 551 3
262 547 3
265 511 2
265 515 2
265 520 2
321 492 4
254 607 2
310 655 2
326 696 5
309 695 4
300 694 4
278 692 4
271 692 4
264 691 4
256 690 4
274 711 3
255 718 4
276 719 4
297 721 4
297 738 4
305 738 4
314 739 4
323 739 4
318 722 4
304 721 3
325 723 3
222 454 3
254 733 4
263 734 4
272 734 3
342 770 2
334 734 2
297 779 2
301 779 2
292 784 2
295 785 2
300 785 2
291 794 2
294 815 2
293 824 2
297 822 2
297 818 2
220 130 3
278 541 3
276 565 3
278 569 3
281 573 3
264 599 3
260 610 2
260 615 2
263 618 2
267 619 2
271 620 2
266 631 2
258 638 2
258 644 2
261 650 2
264 651 2
272 652 2
276 652 2
328 608 2
311 722 3
190 621 4
194 446 2
