138
164 40 2
203 24 4
207 85 3
172 122 4
171 130 4
140 148 3
129 157 4
152 215 4
149 253 4
86 476 3
218 338 5
219 351 4
216 383 3
185 341 5
150 365 2
156 357 2
196 398 2
160 363 2
222 454 3
237 449 4
135 425 3
194 446 3
192 460 2
210 474 2
144 649 3
146 659 3
164 638 5
175 642 4
189 628 4
186 611 4
187 604 4
191 621 4
322 491 4
324 497 4
345 386 4
341 372 4
343 365 4
345 320 4
377 295 4
384 295 3
389 296 3
396 299 3
411 300 4
442 335 4
427 335 2
427 340 2
429 327 2
350 485 4
398 744 3
321 506 4
319 535 4
315 576 4
328 608 4
328 614 4
327 622 4
326 629 4
326 636 4
325 644 4
325 651 4
325 658 4
311 662 4
311 655 2
306 670 2
304 678 2
309 678 2
313 678 2
319 679 2
323 679 2
327 680 2
331 680 2
276 675 3
267 675 4
259 674 3
257 691 4
264 691 4
272 691 4
279 692 4
301 694 4
310 694 4
327 696 4
324 705 4
326 723 3
318 722 4
311 721 4
304 721 4
297 720 4
315 739 5
305 738 4
297 737 4
272 735 4
263 734 5
254 734 4
255 717 4
262 718 4
270 718 4
277 719 4
297 778 2
295 785 2
287 794 2
292 795 2
298 802 2
290 815 2
297 818 2
293 824 2
290 824 2
286 823 2
338 770 3
266 511 2
265 519 2
265 523 2
262 546 2
261 552 2
261 557 2
261 561 2
261 565 2
280 537 2
279 542 2
278 546 2
278 552 2
277 566 2
279 569 2
272 599 2
259 614 2
262 618 2
268 619 2
271 632 2
258 647 2
260 651 2
265 651 2
273 651 2
258 643 2
196 101 2
203 114 3
205 108 2
194 116 2
189 100 2
188 107 2
199 118 2
