135
146 179 3
166 185 4
172 129 4
171 136 4
170 144 4
170 151 4
201 84 2
207 84 2
213 85 2
218 357 3
218 365 3
215 391 3
185 340 4
188 350 3
210 451 4
193 455 2
192 464 2
209 473 2
208 477 2
208 481 2
165 617 4
190 620 4
340 521 4
335 559 6
328 607 4
328 614 4
327 621 4
326 628 4
325 642 4
325 650 4
300 693 4
309 695 4
326 695 4
308 703 5
297 737 5
314 739 5
323 739 4
325 723 4
318 722 4
311 721 4
304 720 4
254 734 5
262 733 4
271 734 4
255 717 5
262 718 5
269 718 5
276 719 5
257 691 4
264 691 4
272 691 4
278 692 4
442 335 4
426 302 4
345 320 4
343 350 4
343 364 4
341 379 4
341 386 4
194 56 3
139 147 3
196 342 4
196 398 3
191 400 3
339 400 4
323 496 4
321 505 4
316 576 4
266 503 2
265 522 2
265 514 2
332 510 4
377 295 4
383 295 3
429 327 3
441 327 3
261 552 2
262 560 2
278 569 2
258 674 3
267 675 3
275 676 3
310 662 4
323 664 3
255 619 3
304 678 3
309 678 3
313 678 3
318 678 3
322 679 3
327 679 3
331 679 3
296 784 3
292 784 3
301 784 3
280 538 3
291 794 2
295 795 2
291 803 2
290 814 2
294 814 2
285 823 2
289 824 2
293 824 2
276 600 2
272 600 2
268 598 3
272 651 2
268 650 2
264 651 2
261 650 2
257 648 2
257 643 2
262 632 2
267 632 2
271 631 2
258 634 2
263 602 2
261 606 2
257 611 2
267 619 2
271 620 2
216 433 3
273 448 3
297 818 2
297 801 2
298 797 2
372 772 3
222 454 3
160 33 2
188 107 2
189 114 2
194 116 2
197 117 2
141 348 3
