129
165 40 2
161 33 2
205 24 3
201 84 3
171 136 4
140 147 3
113 218 3
85 501 3
173 443 4
139 364 3
144 320 2
144 313 2
184 328 4
185 340 4
173 350 2
148 372 3
152 386 3
197 398 4
149 365 2
191 401 2
218 337 5
219 351 3
219 358 3
222 454 4
238 449 2
210 462 2
193 455 2
192 464 2
192 474 2
165 625 4
171 602 4
187 604 4
187 611 3
190 620 4
188 627 5
242 633 2
345 320 4
345 336 4
343 351 3
344 358 4
343 365 4
340 386 4
340 394 4
338 400 4
377 296 4
384 295 2
389 296 4
435 302 4
443 304 4
429 327 2
276 460 3
295 455 3
324 496 4
321 505 5
322 513 3
318 570 4
328 607 4
328 615 4
327 622 4
326 636 4
325 643 4
325 650 4
324 657 3
325 664 3
327 696 4
309 694 4
301 694 4
279 693 3
257 691 3
259 674 4
267 674 4
276 675 4
256 717 4
277 719 4
297 721 4
312 722 4
319 722 4
304 720 4
297 737 4
306 737 4
323 739 4
313 737 4
272 734 4
263 734 4
255 733 4
311 662 5
313 651 2
280 516 4
277 556 2
278 561 2
262 544 2
262 548 2
262 552 2
261 557 2
261 565 2
276 600 2
268 598 2
261 605 2
260 614 2
263 618 2
268 618 2
271 631 2
266 631 2
262 632 2
259 637 2
258 643 2
258 647 2
261 650 2
273 651 2
277 651 2
254 659 2
304 678 2
319 679 2
323 671 2
323 679 2
327 679 2
332 679 2
296 784 2
304 804 2
292 789 2
287 795 2
291 795 2
298 801 2
292 803 2
290 815 2
294 815 2
297 821 2
302 822 2
52 413 2
